USAP McMurdo (NZCM)     (lat, lon) = (-77.85, 166.71)
Forecast initialized at 2017010200
AMPS 10km domain

FCST  UTC UTC    T     Td    Altim  Spd Gust  Dir Grid   VVV   RH1RH2RH3     T1T2T3 ACCUM
 HR   DAY HR    (C)   (C)   (in Hg)(kts)(kts)(deg)(deg)  (*)  (% wrt water)    (C)   (*)

 00   02  00   -3.5  -10.1   29.27    7    9  112  279  -001   068052055  M05M05M05  000            
 03   02  03   -3.1   -7.0   29.27    8    9   84  251   013   074043055  M04M05M05  000            
 06   02  06   -3.2   -9.0   29.24    8   15   70  237  -008   065038040  M04M04M05  000            
 09   02  09   -4.5  -10.8   29.19   11   15  139  306   002   062035037  M03M04M05  000            
 12   02  12   -5.5  -12.2   29.14    7   10  146  312  -013   059038040  M03M04M05  000            
 15   02  15   -5.7  -12.8   29.09    2    3  250   57  -010   057037039  M03M04M05  000            
 18   02  18   -4.7  -11.5   29.03    3    4  359  166  -014   059036030  M03M04M04  000            
 21   02  21   -3.6   -8.6   28.96    3    6  322  129  -014   069032027  M02M03M04  000            
 24   03  00   -1.2   -6.7   28.88    5    8  317  123   027   066026034  M01M02M03  000            
 27   03  03    0.1   -6.7   28.82    8   11  327  133  -019   060031053  -99M00M02  000            
 30   03  06   -0.8   -6.6   28.75   10   14  323  130   014   065032047  -99M00M01  000            
 33   03  09   -0.8   -7.2   28.69   10   16  317  124   006   062036053  -99M00M00  000            
 36   03  12   -1.1   -7.9   28.64   15   25  325  132  -016   060027065  -99-99M00  000            
 39   03  15   -1.1   -6.3   28.65    6   11  292   99   081   068032051  -99M00M00  000            
 42   03  18   -1.4   -4.6   28.72    6    7  250   57  -005   079072094  M01M02M03  000            
 45   03  21   -0.6   -1.4   28.80    8   17  180  347  -010   094096094  M02M03M04  090            
 48   04  00   -0.4   -1.5   28.89    5   13  156  323  -004   093094094  M02M03M04  023            
 51   04  03   -0.5   -1.0   28.96    6   10  174  341  -005   097096093  M02M03M04  083            
 54   04  06   -0.4   -1.0   29.02    1    3   50  217  -005   096096094  M02M03M04  016            
 57   04  09   -1.6   -2.2   29.11    2    3  322  129   005   096093090  M01M02M03  004            
 60   04  12   -3.0   -3.2   29.18    3    4  301  108   002   099098094  M01M02M03  000            
 63   04  15   -1.8   -2.1   29.27    3    7  251   58   014   098098094  M02M03M03  070            
 66   04  18   -1.5   -2.0   29.35    3    6  115  281   002   097096095  M02M03M04  058            
 69   04  21   -1.0   -1.9   29.42    4    8   96  263   002   094097093  M02M03M04  026            
 72   05  00   -0.5   -1.7   29.48    5   10   83  250  -009   092094091  M02M03M03  003            
 75   05  03   -0.5   -1.9   29.51    5    9   93  260   004   090095091  M02M03M03  000            
 78   05  06   -0.5   -1.6   29.54    4    8  102  268   006   093094094  M02M03M04  001            
 81   05  09   -1.3   -2.0   29.58    4   11  115  282  -002   095095096  M02M03M04  002            
 84   05  12   -2.3   -2.6   29.58    4   16  109  276  -004   097092095  M02M03M04  009            
 87   05  15   -3.0   -3.7   29.59    6   18   90  257  -018   095083093  M03M03M04  005            
 90   05  18   -2.1   -3.9   29.55    7    9   50  217  -016   088077084  M03M03M04  001            
 93   05  21   -0.5   -3.2   29.51    4    6   39  205  -018   082068059  M02M02M03  000            
 96   06  00    0.3   -3.5   29.47    2    3  337  144  -015   076059055  M00M01M02  000            
 99   06  03    0.1   -2.5   29.41    7   10  300  107  -016   083056047  M00M01M01  000            
102   06  06    0.1   -2.8   29.35   10   19  310  117  -009   081048042  -99M00M00  000            
105   06  09   -0.7   -3.6   29.32   10   21  312  119  -012   081051040  -99M00M00  000            
108   06  12   -1.9   -5.1   29.27   10   20  319  125  -005   079051043  -99M00M00  000            
111   06  15   -2.0   -5.7   29.26   12   21  313  119  -003   076050043  -99M00M01  000            
114   06  18   -0.8   -4.9   29.24   12   23  306  113   004   074047043  -99M00M01  000            
117   06  21   -0.3   -4.0   29.23   13   22  296  103   008   076050044  M00M00M01  000            
120   07  00    0.2   -3.3   29.24   13   21  297  104   016   078052046  M00M00M01  000            


* NOTES on units:
  VVV (vertical velocity) is given as tenths of a microbar per second at 700 hPa,
  with positive values indicating upward motion;
  ACCUM (accumulated precipitation, past 3h) is given as hundredths of a millimeter;
  RH1, RH2, and RH3 are the % RH at the surface, 1000', and 3000', respectively;
  T1, T2, and T3 are the temperatures at 500', 1000', and 1500', respectively.
  Gust is estimated according to the NCEP HRRR gust algorithm.
