USAP South Pole (NZSP)     (lat, lon) = (-90., 0.)
Forecast initialized at 2017010200
AMPS 10km domain

FCST  UTC UTC    T     Td    Altim  Spd Gust  Dir Grid   VVV   RH1RH2RH3     T1T2T3 ACCUM
 HR   DAY HR    (C)   (C)   (in Hg)(kts)(kts)(deg)(deg)  (*)  (% wrt water)    (C)   (*)

 00   02  00  -23.9  -27.3   29.12    6    7  351  351   001   077064047  M23M22M22  000            
 03   02  03  -23.6  -26.8   29.10    6    9  358  358   001   075069049  M24M23M23  000            
 06   02  06  -23.5  -26.7   29.12    8   10    4    4   000   075067049  M24M23M23  000            
 09   02  09  -23.6  -26.7   29.12    7   10    7    7   000   076062048  M24M23M23  000            
 12   02  12  -23.6  -26.6   29.10    6    9   14   14  -001   076061047  M24M23M23  000            
 15   02  15  -23.6  -26.6   29.13    7   10   12   12  -001   076056044  M24M23M23  000            
 18   02  18  -23.5  -26.5   29.13    7   10    9    9  -000   076051040  M24M23M23  000            
 21   02  21  -23.5  -26.5   29.12    8   11    4    4   000   077049039  M24M23M23  000            
 24   03  00  -23.5  -26.4   29.13    9   12    2    2   001   077049036  M23M23M22  000            
 27   03  03  -23.5  -26.4   29.13    9   12  358  358   001   077050035  M23M22M22  000            
 30   03  06  -23.3  -26.4   29.11   11   19  355  355   001   076050032  M23M22M22  000            
 33   03  09  -23.2  -26.2   29.11   11   18  354  354   002   076049034  M23M22M22  000            
 36   03  12  -23.1  -26.0   29.12   12   19  356  356   002   077048031  M23M21M21  000            
 39   03  15  -22.9  -25.8   29.13   11   19  357  357   001   077051031  M23M21M21  000            
 42   03  18  -22.8  -25.7   29.13   11   19  359  359   002   077049029  M22M21M21  000            
 45   03  21  -22.7  -25.8   29.15   11   18    1    1   001   076049029  M22M21M21  000            
 48   04  00  -22.7  -26.0   29.15   12   18    4    4   001   074045027  M22M21M21  000            
 51   04  03  -22.8  -26.0   29.18    8   12   11   11   001   075039028  M22M21M21  000            
 54   04  06  -22.9  -26.2   29.20    8   11   20   20  -001   075033030  M22M21M21  000            
 57   04  09  -22.8  -26.3   29.21    8   11   29   29  -001   073031030  M22M21M21  000            
 60   04  12  -22.8  -26.3   29.20    7   11   45   45  -001   073034026  M21M21M21  000            
 63   04  15  -23.0  -26.6   29.21    7   10   71   71  -003   073034019  M21M21M21  000            
 66   04  18  -23.1  -26.7   29.22    8   12   83   83  -005   073034022  M21M21M21  000            
 69   04  21  -22.9  -26.8   29.19    9   15   75   75  -005   071030020  M20M20M21  000            
 72   05  00  -22.9  -26.8   29.17   10   16   75   75  -006   070023022  M20M20M20  000            
 75   05  03  -22.5  -26.4   29.16   11   19   74   74  -007   071025024  M20M19M20  000            
 78   05  06  -22.1  -26.2   29.13   11   21   75   75  -007   070022021  M19M19M20  000            
 81   05  09  -21.7  -26.0   29.08   12   22   77   77  -007   069019017  M19M19M19  000            
 84   05  12  -21.3  -25.3   29.04   13   24   83   83  -008   070021026  M20M18M19  000            
 87   05  15  -20.8  -24.7   29.02   13   25   78   78  -007   071031018  M19M18M18  000            
 90   05  18  -20.0  -23.7   28.98   14   25   76   76  -008   073038045  M19M17M18  000            
 93   05  21  -20.0  -23.5   28.94   13   23   78   78  -008   073047044  M20M19M19  000            
 96   06  00  -19.9  -23.2   28.90   12   20   71   71  -007   075051043  M20M19M19  000            
 99   06  03  -19.8  -23.0   28.90   11   18   69   69  -006   076045038  M19M18M18  000            
102   06  06  -19.7  -22.9   28.88    9   18   62   62  -004   076045034  M19M18M17  000            
105   06  09  -19.8  -22.9   28.88    9   17   49   49  -003   076047032  M19M18M18  000            
108   06  12  -20.0  -23.0   28.88    8   11   48   48  -003   077047033  M19M18M19  000            
111   06  15  -20.3  -23.1   28.90    7   10   51   51  -003   078046033  M19M19M19  000            
114   06  18  -20.4  -23.2   28.91    6   10   40   40  -002   078045036  M19M19M19  000            
117   06  21  -20.5  -23.3   28.93    5    9   33   33  -001   078046039  M19M19M19  000            
120   07  00  -20.6  -23.4   28.94    5    8   27   27  -001   078048041  M19M19M20  000            


* NOTES on units:
  VVV (vertical velocity) is given as tenths of a microbar per second at 700 hPa,
  with positive values indicating upward motion;
  ACCUM (accumulated precipitation, past 3h) is given as hundredths of a millimeter;
  RH1, RH2, and RH3 are the % RH at the surface, 1000', and 3000', respectively;
  T1, T2, and T3 are the temperatures at 500', 1000', and 1500', respectively.
  Gust is estimated according to the NCEP HRRR gust algorithm.
